10,0,0,6.95e-07,2.8132e-05
100,0,0,4.15e-06,2.4928e-05
1000,0,0,3.4494e-05,5.2129e-05
10000,0,0,0.000283075,0.00029757
100000,0,0,0.002848808,0.002863473
1000000,0,0,0.025815916,0.025829576
10000000,0,0,0.16917215,0.169184468
100000000,0,0,1.302388777,1.302396367
10,4,0,5.2799e-05,6.3699e-05
100,4,0,5.0693e-05,6.0459e-05
1000,4,0,5.6e-05,6.5875e-05
10000,4,0,9.002e-05,9.9976e-05
100000,4,0,0.000422744,0.000432846
1000000,4,0,0.003565477,0.003575389
10000000,4,0,0.03449736,0.034507101
100000000,4,0,0.346576781,0.34658665
10,8,0,0.000104452,0.00011464
100,8,0,0.000103714,0.000113562
1000,8,0,0.000107211,0.00011713
10000,8,0,0.000155768,0.000165863
100000,8,0,0.00061551,0.000625172
1000000,8,0,0.003616006,0.003625932
10000000,8,0,0.040418498,0.040428436
100000000,8,0,0.364326288,0.364336275
10,12,0,0.000111029,0.000120783
100,12,0,0.000114124,0.000124021
1000,12,0,0.000125174,0.000135006
10000,12,0,0.000209381,0.000219155
100000,12,0,0.000986416,0.00099641
1000000,12,0,0.003645588,0.003655489
10000000,12,0,0.039060765,0.039070648
100000000,12,0,0.355640901,0.355650855
10,16,0,0.000158401,0.00016834
100,16,0,0.000152704,0.000162686
1000,16,0,0.000157269,0.000167326
10000,16,0,0.000249069,0.000258907
100000,16,0,0.001274449,0.001284473
1000000,16,0,0.005643147,0.005653294
10000000,16,0,0.035782892,0.035792684
100000000,16,0,0.357416223,0.357425923
10,0,1,1.91e-07,7.658e-06
100,0,1,1.493e-06,8.957e-06
1000,0,1,1.4619e-05,2.2112e-05
10000,0,1,0.000149696,0.00015715
100000,0,1,0.001390384,0.001397982
1000000,0,1,0.013444464,0.013452114
10000000,0,1,0.130888965,0.130896626
100000000,0,1,1.303434975,1.303442535
10,4,1,5.2269e-05,6.2795e-05
100,4,1,5.078e-05,6.064e-05
1000,4,1,5.2437e-05,6.2125e-05
10000,4,1,0.000310202,0.000320207
100000,4,1,0.000418809,0.000429606
1000000,4,1,0.003579553,0.003589379
10000000,4,1,0.034531423,0.034541911
100000000,4,1,0.344257873,0.34426793
10,8,1,8.4906e-05,9.496e-05
100,8,1,9.1063e-05,0.000101347
1000,8,1,9.4538e-05,0.000104438
10000,8,1,0.000110673,0.000120548
100000,8,1,0.000440894,0.000450607
1000000,8,1,0.003562585,0.003572556
10000000,8,1,0.042135639,0.04214579
100000000,8,1,0.358475403,0.358485641
10,12,1,0.000142131,0.000152143
100,12,1,0.000121263,0.000131187
1000,12,1,0.000130024,0.000140109
10000,12,1,0.000221099,0.000230761
100000,12,1,0.001091927,0.00110188
1000000,12,1,0.00478914,0.004799064
10000000,12,1,0.038714555,0.038723975
100000000,12,1,0.347473709,0.347483795
10,16,1,0.000168529,0.000178467
100,16,1,0.000161055,0.000171013
1000,16,1,0.000193969,0.000203996
10000,16,1,0.000267774,0.000277786
100000,16,1,0.001281623,0.001291609
1000000,16,1,0.004516332,0.004526116
10000000,16,1,0.039949869,0.039959965
100000000,16,1,0.348890694,0.348900631
10,0,2,1.96e-07,7.826e-06
100,0,2,1.447e-06,8.814e-06
1000,0,2,1.4634e-05,2.2125e-05
10000,0,2,0.000151844,0.000159378
100000,0,2,0.001416894,0.001424637
1000000,0,2,0.013414974,0.013422896
10000000,0,2,0.13047411,0.130481703
100000000,0,2,1.30297044,1.302978103
10,4,2,5.121e-05,6.1714e-05
100,4,2,4.9862e-05,5.9943e-05
1000,4,2,5.4773e-05,6.4685e-05
10000,4,2,0.000307176,0.000317172
100000,4,2,0.000417871,0.000428163
1000000,4,2,0.003581502,0.003591301
10000000,4,2,0.034478492,0.034488567
100000000,4,2,0.344260326,0.344270258
10,8,2,9.6451e-05,0.000106478
100,8,2,9.2699e-05,0.000102569
1000,8,2,9.4302e-05,0.000104158
10000,8,2,0.00012385,0.000133658
100000,8,2,0.000613531,0.000623281
1000000,8,2,0.003638112,0.003648083
10000000,8,2,0.042167804,0.042177932
100000000,8,2,0.369856284,0.369866082
10,12,2,0.000130608,0.000140465
100,12,2,0.000124138,0.000133901
1000,12,2,0.000141976,0.000151889
10000,12,2,0.000156765,0.000166736
100000,12,2,0.001082674,0.001092651
1000000,12,2,0.004488704,0.004498717
10000000,12,2,0.041063846,0.041073727
100000000,12,2,0.352535536,0.352545536
10,16,2,0.000148783,0.000158892
100,16,2,0.000169183,0.0001792
1000,16,2,0.000174506,0.000184409
10000,16,2,0.000245882,0.000255573
100000,16,2,0.001156699,0.001166661
1000000,16,2,0.004496122,0.004506268
10000000,16,2,0.039814508,0.039824508
100000000,16,2,0.347284254,0.347294222
10,0,3,1.98e-07,7.721e-06
100,0,3,1.514e-06,9.172e-06
1000,0,3,1.4632e-05,2.2073e-05
10000,0,3,0.000145835,0.000153319
100000,0,3,0.001442476,0.001449919
1000000,0,3,0.013488624,0.013496146
10000000,0,3,0.130909662,0.130917144
100000000,0,3,1.302345649,1.30235319
10,4,3,5.4891e-05,6.5449e-05
100,4,3,5.2399e-05,6.2407e-05
1000,4,3,5.5812e-05,6.5778e-05
10000,4,3,8.127e-05,9.1242e-05
100000,4,3,0.000416821,0.000426778
1000000,4,3,0.003554191,0.003564205
10000000,4,3,0.034509835,0.034519501
100000000,4,3,0.34426821,0.344278066
10,8,3,9.8781e-05,0.000108638
100,8,3,9.764e-05,0.000107536
1000,8,3,0.000315987,0.000325763
10000,8,3,0.000212477,0.00022206
100000,8,3,0.000455718,0.00046567
1000000,8,3,0.005292518,0.005302544
10000000,8,3,0.034577167,0.034587243
100000000,8,3,0.368031453,0.368041497
10,12,3,0.000119814,0.000129696
100,12,3,0.000113955,0.000123979
1000,12,3,0.000119963,0.000129837
10000,12,3,0.000214455,0.000224349
100000,12,3,0.000617203,0.000627119
1000000,12,3,0.005932137,0.005942113
10000000,12,3,0.038978016,0.038988016
100000000,12,3,0.350010701,0.350020897
10,16,3,0.00017,0.000180075
100,16,3,0.000156549,0.000166749
1000,16,3,0.000177079,0.000187186
10000,16,3,0.000260357,0.000270285
100000,16,3,0.001279327,0.001289412
1000000,16,3,0.006270139,0.006280134
10000000,16,3,0.038395265,0.038405249
100000000,16,3,0.347234309,0.347243905
10,0,4,2.02e-07,7.968e-06
100,0,4,1.464e-06,8.826e-06
1000,0,4,1.4631e-05,2.2133e-05
10000,0,4,0.000145826,0.000153471
100000,0,4,0.001461593,0.001469269
1000000,0,4,0.013532057,0.013539637
10000000,0,4,0.130753548,0.130761049
100000000,0,4,1.30221075,1.302218436
10,4,4,5.1202e-05,6.1575e-05
100,4,4,4.939e-05,5.8959e-05
1000,4,4,5.2301e-05,6.2206e-05
10000,4,4,8.6284e-05,9.6097e-05
100000,4,4,0.00041598,0.000425764
1000000,4,4,0.003567984,0.00357795
10000000,4,4,0.034532266,0.034542161
100000000,4,4,0.344270668,0.344280783
10,8,4,9.4623e-05,0.000110098
100,8,4,8.7107e-05,9.7108e-05
1000,8,4,8.961e-05,9.9485e-05
10000,8,4,0.000139267,0.000149178
100000,8,4,0.000437648,0.000447633
1000000,8,4,0.004042024,0.004051765
10000000,8,4,0.040494105,0.040503767
100000000,8,4,0.358748414,0.358758396
10,12,4,0.000147523,0.000156703
100,12,4,0.000118316,0.000128023
1000,12,4,0.000122072,0.000131976
10000,12,4,0.000211207,0.000221254
100000,12,4,0.001086863,0.001096569
1000000,12,4,0.005856524,0.005865416
10000000,12,4,0.035251133,0.035260935
100000000,12,4,0.347376566,0.347386543
10,16,4,0.000146929,0.000157042
100,16,4,0.000164687,0.000174704
1000,16,4,0.000158021,0.000168003
10000,16,4,0.000208577,0.000218401
100000,16,4,0.000883102,0.000892835
1000000,16,4,0.004518957,0.004528939
10000000,16,4,0.037738398,0.037747784
100000000,16,4,0.353858842,0.353868381
10,0,5,1.8e-07,6.925e-06
100,0,5,1.491e-06,9.056e-06
1000,0,5,1.4627e-05,2.2229e-05
10000,0,5,0.000145827,0.000153301
100000,0,5,0.001387657,0.00139494
1000000,0,5,0.013291004,0.013298217
10000000,0,5,0.130354333,0.130361813
100000000,0,5,1.302490566,1.302498038
10,4,5,5.4818e-05,6.5645e-05
100,4,5,5.2589e-05,6.2596e-05
1000,4,5,5.2852e-05,6.2711e-05
10000,4,5,8.5564e-05,9.5445e-05
100000,4,5,0.000401925,0.000411471
1000000,4,5,0.003534355,0.003544437
10000000,4,5,0.034596137,0.034606143
100000000,4,5,0.344152974,0.344162541
10,8,5,9.1116e-05,0.000101043
100,8,5,8.4857e-05,9.478e-05
1000,8,5,0.000107006,0.000116956
10000,8,5,0.000137977,0.000148036
100000,8,5,0.000850116,0.000859879
1000000,8,5,0.003631484,0.00364095
10000000,8,5,0.034607604,0.034617682
100000000,8,5,0.365204861,0.365214529
10,12,5,0.000119903,0.000130189
100,12,5,0.000120386,0.00013069
1000,12,5,0.000125771,0.000135828
10000,12,5,0.000199393,0.000209183
100000,12,5,0.001108155,0.001118048
1000000,12,5,0.004775554,0.004785598
10000000,12,5,0.03899875,0.03900874
100000000,12,5,0.349697304,0.349707331
10,16,5,0.000152314,0.000162337
100,16,5,0.000156385,0.000165753
1000,16,5,0.000149303,0.00015878
10000,16,5,0.000262342,0.000272083
100000,16,5,0.001254332,0.00126444
1000000,16,5,0.00538787,0.005397733
10000000,16,5,0.035943143,0.035953156
100000000,16,5,0.353646529,0.353656291
10,0,6,1.94e-07,7.78e-06
100,0,6,1.5e-06,8.987e-06
1000,0,6,1.463e-05,2.209e-05
10000,0,6,0.000145825,0.000153375
100000,0,6,0.001430224,0.001437741
1000000,0,6,0.013373781,0.013381345
10000000,0,6,0.130578075,0.130585585
100000000,0,6,1.302192506,1.302200124
10,4,6,5.5581e-05,6.6548e-05
100,4,6,5.3173e-05,6.3001e-05
1000,4,6,5.6122e-05,6.6103e-05
10000,4,6,9.4659e-05,0.000104748
100000,4,6,0.000418752,0.000428792
1000000,4,6,0.003574457,0.003584444
10000000,4,6,0.03450735,0.034517003
100000000,4,6,0.344229387,0.344239434
10,8,6,0.000104819,0.000114734
100,8,6,8.2163e-05,9.2159e-05
1000,8,6,9.0061e-05,9.9948e-05
10000,8,6,0.000144151,0.000154121
100000,8,6,0.000452862,0.000462713
1000000,8,6,0.005339128,0.005349056
10000000,8,6,0.03458904,0.034598812
100000000,8,6,0.368935841,0.368945756
10,12,6,0.000137261,0.000146888
100,12,6,0.000113301,0.00012305
1000,12,6,0.000115888,0.00012561
10000,12,6,0.000197345,0.000207479
100000,12,6,0.000986508,0.000996437
1000000,12,6,0.003990171,0.004000041
10000000,12,6,0.038491189,0.038501098
100000000,12,6,0.356243675,0.356253696
10,16,6,0.000155227,0.000165322
100,16,6,0.000161879,0.000171623
1000,16,6,0.000157418,0.000167237
10000,16,6,0.00024729,0.000257303
100000,16,6,0.001258203,0.001268095
1000000,16,6,0.004511126,0.004521026
10000000,16,6,0.040479005,0.040489069
100000000,16,6,0.347653498,0.347663446
10,0,7,1.81e-07,7.699e-06
100,0,7,1.513e-06,9.117e-06
1000,0,7,1.4613e-05,2.209e-05
10000,0,7,0.000145846,0.000153358
100000,0,7,0.001418807,0.001426323
1000000,0,7,0.013460164,0.013467722
10000000,0,7,0.130773203,0.130780842
100000000,0,7,1.302499642,1.302507151
10,4,7,5.3355e-05,6.4411e-05
100,4,7,5.0298e-05,6.0104e-05
1000,4,7,5.4317e-05,6.4203e-05
10000,4,7,8.8959e-05,9.8886e-05
100000,4,7,0.00044039,0.000450488
1000000,4,7,0.003588966,0.003598991
10000000,4,7,0.034535758,0.034545717
100000000,4,7,0.344328179,0.3443382
10,8,7,9.2605e-05,0.000102544
100,8,7,0.000103476,0.000113399
1000,8,7,8.7798e-05,0.000102137
10000,8,7,0.000157139,0.000167375
100000,8,7,0.000818685,0.000828626
1000000,8,7,0.003607844,0.003617648
10000000,8,7,0.038556386,0.038566479
100000000,8,7,0.362807568,0.362817581
10,12,7,0.000128383,0.000138372
100,12,7,0.000119776,0.00013
1000,12,7,0.000119808,0.000129723
10000,12,7,0.000155859,0.000165678
100000,12,7,0.000593688,0.000603633
1000000,12,7,0.004755493,0.004765561
10000000,12,7,0.040674326,0.040684019
100000000,12,7,0.356043864,0.356053979
10,16,7,0.000186753,0.000196518
100,16,7,0.000146751,0.000156452
1000,16,7,0.000150336,0.000159997
10000,16,7,0.000250102,0.000260231
100000,16,7,0.001247475,0.001257458
1000000,16,7,0.005372833,0.005382808
10000000,16,7,0.039060593,0.03907024
100000000,16,7,0.353542413,0.353551814
10,0,8,1.98e-07,7.708e-06
100,0,8,1.494e-06,9.285e-06
1000,0,8,1.4197e-05,2.1635e-05
10000,0,8,0.000145827,0.000153308
100000,0,8,0.001423006,0.001430521
1000000,0,8,0.013474282,0.013482098
10000000,0,8,0.130695705,0.130703232
100000000,0,8,1.302765516,1.302772952
10,4,8,5.2908e-05,6.3914e-05
100,4,8,4.9208e-05,5.9116e-05
1000,4,8,5.5505e-05,6.5734e-05
10000,4,8,8.7886e-05,9.7842e-05
100000,4,8,0.000418102,0.000428041
1000000,4,8,0.003557342,0.003567238
10000000,4,8,0.034493435,0.034503167
100000000,4,8,0.34423597,0.344245951
10,8,8,8.4623e-05,9.412e-05
100,8,8,8.9368e-05,9.9657e-05
1000,8,8,9.1469e-05,0.0001018
10000,8,8,0.000139498,0.000149394
100000,8,8,0.000450295,0.000460349
1000000,8,8,0.004220679,0.004231013
10000000,8,8,0.03476113,0.034771014
100000000,8,8,0.370805747,0.37081587
10,12,8,0.000128464,0.000138158
100,12,8,0.000118769,0.000129131
1000,12,8,0.0001318,0.000141852
10000,12,8,0.000196137,0.000206087
100000,12,8,0.000618278,0.000628249
1000000,12,8,0.005614355,0.005624451
10000000,12,8,0.039013811,0.039028271
100000000,12,8,0.348477756,0.348487765
10,16,8,0.000157233,0.000167075
100,16,8,0.000170493,0.00018062
1000,16,8,0.00018617,0.000196084
10000,16,8,0.000254298,0.000264527
100000,16,8,0.001278846,0.001288728
1000000,16,8,0.005880749,0.005890752
10000000,16,8,0.040420726,0.040430395
100000000,16,8,0.347376672,0.347386661
10,0,9,2e-07,7.786e-06
100,0,9,1.51e-06,9.157e-06
1000,0,9,1.4612e-05,2.2263e-05
10000,0,9,0.00014584,0.000153404
100000,0,9,0.001446713,0.001454291
1000000,0,9,0.013589879,0.013597408
10000000,0,9,0.130858175,0.130865689
100000000,0,9,1.302534629,1.302542154
10,4,9,5.2703e-05,6.313e-05
100,4,9,5.3108e-05,6.3147e-05
1000,4,9,5.6669e-05,6.6626e-05
10000,4,9,8.876e-05,9.8701e-05
100000,4,9,0.000405139,0.000414811
1000000,4,9,0.003521666,0.003535609
10000000,4,9,0.034571705,0.034581609
100000000,4,9,0.344293293,0.344302851
10,8,9,8.3694e-05,9.3626e-05
100,8,9,0.000106138,0.000116053
1000,8,9,0.00010248,0.00011261
10000,8,9,0.000155667,0.000165773
100000,8,9,0.000450909,0.000460847
1000000,8,9,0.005315017,0.005325088
10000000,8,9,0.034585214,0.034595201
100000000,8,9,0.359381131,0.359391035
10,12,9,0.000118905,0.000128973
100,12,9,0.000117108,0.000127159
1000,12,9,0.000133483,0.000143527
10000,12,9,0.000205205,0.000215061
100000,12,9,0.001102732,0.001112755
1000000,12,9,0.004705654,0.004714989
10000000,12,9,0.040886114,0.040896106
100000000,12,9,0.350686884,0.350696809
10,16,9,0.000166339,0.000176129
100,16,9,0.000156394,0.000166392
1000,16,9,0.000194501,0.000204351
10000,16,9,0.000290331,0.000300082
100000,16,9,0.001153231,0.001162748
1000000,16,9,0.004537401,0.004547392
10000000,16,9,0.035047636,0.035057181
100000000,16,9,0.348115758,0.348125426
