10,0,0,3.73e-07,1.6049e-05
100,0,0,3.087e-06,1.8651e-05
1000,0,0,1.5569e-05,2.3545e-05
10000,0,0,0.000155256,0.000163342
100000,0,0,0.001463624,0.00147106
1000000,0,0,0.013206074,0.013212707
10000000,0,0,0.130479922,0.130487396
100000000,0,0,1.302430075,1.302437454
10,4,0,5.3438e-05,6.4079e-05
100,4,0,5.187e-05,6.171e-05
1000,4,0,6.8742e-05,7.8714e-05
10000,4,0,0.000212987,0.000223087
100000,4,0,0.001696523,0.001706662
1000000,4,0,0.015972539,0.015982535
10000000,4,0,0.088810331,0.08882048
100000000,4,0,1.594208782,1.594218844
10,8,0,9.8609e-05,0.000109055
100,8,0,0.000117195,0.000127436
1000,8,0,9.4738e-05,0.00010501
10000,8,0,0.000259617,0.000269637
100000,8,0,0.001708947,0.001718992
1000000,8,0,0.015812789,0.015822993
10000000,8,0,0.161417154,0.16142719
100000000,8,0,1.613628704,1.613638724
10,12,0,0.000123126,0.000133248
100,12,0,0.000119698,0.00012953
1000,12,0,0.000129592,0.000139236
10000,12,0,0.000275462,0.000285763
100000,12,0,0.001660847,0.001670893
1000000,12,0,0.016229583,0.016239577
10000000,12,0,0.16439985,0.164409527
100000000,12,0,1.60774805,1.60775821
10,16,0,0.000148971,0.000159526
100,16,0,0.00014769,0.000157751
1000,16,0,0.000156902,0.000167119
10000,16,0,0.000294643,0.000304969
100000,16,0,0.001177046,0.00118706
1000000,16,0,0.007728925,0.007738308
10000000,16,0,0.08292423,0.082934213
100000000,16,0,0.594428016,0.594438001
10,0,1,1.98e-07,7.764e-06
100,0,1,1.491e-06,8.963e-06
1000,0,1,1.4634e-05,2.2137e-05
10000,0,1,0.000145826,0.000153415
100000,0,1,0.00146605,0.001473576
1000000,0,1,0.013502376,0.013509902
10000000,0,1,0.130615014,0.130622455
100000000,0,1,1.302396616,1.302404211
10,4,1,5.1612e-05,6.2213e-05
100,4,1,5.0833e-05,6.0863e-05
1000,4,1,7.0276e-05,8.0119e-05
10000,4,1,0.000217563,0.000227477
100000,4,1,0.001631816,0.001641739
1000000,4,1,0.013544561,0.013554499
10000000,4,1,0.162374325,0.162384304
100000000,4,1,1.518475367,1.518485457
10,8,1,9.8686e-05,0.000108716
100,8,1,9.4806e-05,0.000104912
1000,8,1,0.000140316,0.000150268
10000,8,1,0.000244327,0.000254383
100000,8,1,0.001729656,0.001739496
1000000,8,1,0.016174652,0.016184674
10000000,8,1,0.159151969,0.15916206
100000000,8,1,1.527403887,1.527413964
10,12,1,0.000111137,0.000121548
100,12,1,0.000111711,0.000121817
1000,12,1,0.000124179,0.000134127
10000,12,1,0.000214297,0.000224389
100000,12,1,0.001700546,0.001709735
1000000,12,1,0.016387248,0.016397218
10000000,12,1,0.162457651,0.162468193
100000000,12,1,1.590039174,1.59004918
10,16,1,0.000168967,0.000178764
100,16,1,0.000166413,0.000176707
1000,16,1,0.000184834,0.000194933
10000,16,1,0.000304895,0.000314862
100000,16,1,0.001712105,0.001722534
1000000,16,1,0.016253847,0.016263695
10000000,16,1,0.065347979,0.065358015
100000000,16,1,1.604789555,1.604799362
10,0,2,1.87e-07,7.833e-06
100,0,2,1.502e-06,9.123e-06
1000,0,2,1.4634e-05,2.2211e-05
10000,0,2,0.000145838,0.000153283
100000,0,2,0.001413453,0.001420975
1000000,0,2,0.013845283,0.013852776
10000000,0,2,0.13111976,0.131127258
100000000,0,2,1.302826159,1.302833717
10,4,2,5.4413e-05,6.5124e-05
100,4,2,5.2756e-05,6.2684e-05
1000,4,2,6.203e-05,7.252e-05
10000,4,2,0.000211574,0.000221755
100000,4,2,0.00165547,0.00166547
1000000,4,2,0.016119303,0.016129433
10000000,4,2,0.159034233,0.159044285
100000000,4,2,1.525491744,1.525501804
10,8,2,0.000105421,0.000114799
100,8,2,0.000132735,0.000142833
1000,8,2,0.000109355,0.000124635
10000,8,2,0.00024446,0.000254408
100000,8,2,0.001693103,0.001703177
1000000,8,2,0.016274524,0.01628427
10000000,8,2,0.160008207,0.160018394
100000000,8,2,1.582201059,1.58221117
10,12,2,0.000175069,0.000185246
100,12,2,0.000148466,0.00015875
1000,12,2,0.000124167,0.00014353
10000,12,2,0.000264335,0.000274152
100000,12,2,0.001638117,0.001648407
1000000,12,2,0.016188649,0.016198835
10000000,12,2,0.162295423,0.162305152
100000000,12,2,1.623571254,1.623581499
10,16,2,0.000158462,0.000168817
100,16,2,0.00014834,0.000158555
1000,16,2,0.000149169,0.000158932
10000,16,2,0.000299043,0.00030941
100000,16,2,0.001886366,0.001896545
1000000,16,2,0.015578168,0.015587895
10000000,16,2,0.159658151,0.159668179
100000000,16,2,0.565167487,0.565177963
10,0,3,1.92e-07,7.928e-06
100,0,3,1.514e-06,9.071e-06
1000,0,3,1.4633e-05,2.2164e-05
10000,0,3,0.000145839,0.000153369
100000,0,3,0.001433552,0.001441143
1000000,0,3,0.013331767,0.013339246
10000000,0,3,0.130601611,0.130609249
100000000,0,3,1.30267982,1.302687456
10,4,3,5.4128e-05,6.4656e-05
100,4,3,6.6548e-05,7.6537e-05
1000,4,3,6.2104e-05,7.2234e-05
10000,4,3,0.000215194,0.000225359
100000,4,3,0.000921348,0.00093122
1000000,4,3,0.015877459,0.015887495
10000000,4,3,0.158973765,0.158983749
100000000,4,3,1.618104081,1.618114093
10,8,3,9.315e-05,0.00010333
100,8,3,9.0859e-05,0.000100879
1000,8,3,9.4128e-05,0.000104379
10000,8,3,0.000233662,0.000243132
100000,8,3,0.00174795,0.001757975
1000000,8,3,0.015584739,0.015594841
10000000,8,3,0.159761415,0.159771306
100000000,8,3,1.628117922,1.628128155
10,12,3,0.000116884,0.000126509
100,12,3,0.000114261,0.000124179
1000,12,3,0.000144659,0.000154649
10000,12,3,0.000262569,0.000272367
100000,12,3,0.001775756,0.001785864
1000000,12,3,0.016163804,0.016173682
10000000,12,3,0.153891589,0.153901588
100000000,12,3,1.571524666,1.571534218
10,16,3,0.000149263,0.000158961
100,16,3,0.000151106,0.000161258
1000,16,3,0.000161224,0.000171328
10000,16,3,0.000293804,0.00030403
100000,16,3,0.001728346,0.001738668
1000000,16,3,0.016272321,0.016281802
10000000,16,3,0.160423298,0.160433353
100000000,16,3,0.571658228,0.571668347
10,0,4,1.91e-07,7.613e-06
100,0,4,1.492e-06,9.09e-06
1000,0,4,1.4622e-05,2.2032e-05
10000,0,4,0.000145846,0.000153371
100000,0,4,0.001387917,0.001395348
1000000,0,4,0.013476732,0.013484132
10000000,0,4,0.130624629,0.13063182
100000000,0,4,1.302906829,1.302914313
10,4,4,5.617e-05,6.6435e-05
100,4,4,5.4279e-05,6.4386e-05
1000,4,4,6.8053e-05,7.8117e-05
10000,4,4,0.000213503,0.00022384
100000,4,4,0.001692186,0.001702432
1000000,4,4,0.015431942,0.015442101
10000000,4,4,0.161696818,0.161706921
100000000,4,4,1.600383121,1.600393353
10,8,4,0.000131349,0.000141264
100,8,4,9.3496e-05,0.000103546
1000,8,4,0.000318602,0.000328681
10000,8,4,0.000231677,0.000241617
100000,8,4,0.00166287,0.001672997
1000000,8,4,0.014090583,0.014100769
10000000,8,4,0.15442292,0.154433138
100000000,8,4,1.560958266,1.560968427
10,12,4,0.000120001,0.000130308
100,12,4,0.000130441,0.000140508
1000,12,4,0.000141805,0.000151967
10000,12,4,0.000268412,0.000278458
100000,12,4,0.001738021,0.001748083
1000000,12,4,0.009926219,0.009936297
10000000,12,4,0.159858955,0.159869038
100000000,12,4,1.526228631,1.526238611
10,16,4,0.000149595,0.000159512
100,16,4,0.000148568,0.000158491
1000,16,4,0.000149164,0.000158811
10000,16,4,0.000302517,0.00031244
100000,16,4,0.001111946,0.001122002
1000000,16,4,0.015742834,0.015752903
10000000,16,4,0.084006022,0.08401594
100000000,16,4,1.617716538,1.61772661
10,0,5,1.81e-07,7.671e-06
100,0,5,1.486e-06,9.053e-06
1000,0,5,1.4614e-05,2.234e-05
10000,0,5,0.000145848,0.00015334
100000,0,5,0.001425565,0.001433166
1000000,0,5,0.013806301,0.013813543
10000000,0,5,0.131050595,0.131058046
100000000,0,5,1.302362953,1.302370226
10,4,5,5.1509e-05,6.1968e-05
100,4,5,5.0465e-05,6.0369e-05
1000,4,5,6.0429e-05,7.0513e-05
10000,4,5,0.00021694,0.00022708
100000,4,5,0.000977852,0.00098788
1000000,4,5,0.016063531,0.016073665
10000000,4,5,0.161771132,0.161780832
100000000,4,5,1.54074286,1.540752815
10,8,5,0.000108994,0.000118902
100,8,5,0.000120761,0.000136776
1000,8,5,9.3638e-05,0.000103574
10000,8,5,0.000236889,0.00024685
100000,8,5,0.001669877,0.001679769
1000000,8,5,0.006465416,0.006475618
10000000,8,5,0.162483066,0.16249308
100000000,8,5,1.606171607,1.606181471
10,12,5,0.000118845,0.00012886
100,12,5,0.00011861,0.000128493
1000,12,5,0.000135742,0.000146008
10000,12,5,0.000265755,0.000275641
100000,12,5,0.001712767,0.001722708
1000000,12,5,0.008344499,0.008354503
10000000,12,5,0.159349676,0.159359764
100000000,12,5,1.563681793,1.563691932
10,16,5,0.000154098,0.000164293
100,16,5,0.000146889,0.00015694
1000,16,5,0.000160359,0.000170386
10000,16,5,0.000293858,0.000303887
100000,16,5,0.00167874,0.001688814
1000000,16,5,0.009242865,0.009252869
10000000,16,5,0.16028787,0.160297728
100000000,16,5,1.556863026,1.55687309
10,0,6,1.8e-07,7.682e-06
100,0,6,1.459e-06,8.821e-06
1000,0,6,1.4631e-05,2.2281e-05
10000,0,6,0.000145845,0.000153425
100000,0,6,0.001458579,0.001466072
1000000,0,6,0.013851102,0.013858589
10000000,0,6,0.131263107,0.131270748
100000000,0,6,1.302341769,1.302349316
10,4,6,5.5253e-05,6.5913e-05
100,4,6,4.5813e-05,5.5809e-05
1000,4,6,5.693e-05,6.6668e-05
10000,4,6,0.000188746,0.000198723
100000,4,6,0.000706644,0.000716641
1000000,4,6,0.016005548,0.016015595
10000000,4,6,0.157452346,0.157462356
100000000,4,6,1.518190044,1.518200078
10,8,6,0.000153243,0.000163108
100,8,6,0.000115315,0.000125173
1000,8,6,9.1685e-05,0.000101671
10000,8,6,0.00019104,0.000201134
100000,8,6,0.001710347,0.00172041
1000000,8,6,0.015805125,0.015815095
10000000,8,6,0.161125379,0.161135608
100000000,8,6,1.627779621,1.627789647
10,12,6,0.000123212,0.000133469
100,12,6,0.000118171,0.000128124
1000,12,6,0.000122397,0.000132601
10000,12,6,0.000263643,0.000273723
100000,12,6,0.001654806,0.00166464
1000000,12,6,0.015947351,0.015957422
10000000,12,6,0.162401242,0.162411596
100000000,12,6,1.575756008,1.575766024
10,16,6,0.000158655,0.000168702
100,16,6,0.000152736,0.00016279
1000,16,6,0.0001515,0.000160897
10000,16,6,0.00028933,0.000298988
100000,16,6,0.001669694,0.001679678
1000000,16,6,0.016202421,0.016212309
10000000,16,6,0.158264786,0.158273891
100000000,16,6,1.597109326,1.597118938
10,0,7,1.9e-07,7.863e-06
100,0,7,1.511e-06,9.054e-06
1000,0,7,1.4634e-05,2.2138e-05
10000,0,7,0.000145838,0.000153352
100000,0,7,0.001442818,0.001450444
1000000,0,7,0.013482759,0.013490305
10000000,0,7,0.130848976,0.1308565
100000000,0,7,1.302656098,1.302663031
10,4,7,5.4963e-05,6.5207e-05
100,4,7,5.3921e-05,6.3886e-05
1000,4,7,6.2327e-05,7.2213e-05
10000,4,7,0.000137609,0.000147715
100000,4,7,0.001673763,0.00168384
1000000,4,7,0.015495353,0.015505024
10000000,4,7,0.161981581,0.161991398
100000000,4,7,0.674458736,0.674468836
10,8,7,7.8067e-05,8.8053e-05
100,8,7,9.0618e-05,0.00010085
1000,8,7,9.0086e-05,9.9441e-05
10000,8,7,0.000258727,0.000268793
100000,8,7,0.001737057,0.001747128
1000000,8,7,0.008803365,0.008813533
10000000,8,7,0.156935884,0.156945845
100000000,8,7,0.618684554,0.618694615
10,12,7,0.000121395,0.00013163
100,12,7,0.000111965,0.000122289
1000,12,7,0.000134035,0.000143906
10000,12,7,0.000262838,0.000272938
100000,12,7,0.001729214,0.001739366
1000000,12,7,0.01583962,0.015849597
10000000,12,7,0.162321576,0.162331798
100000000,12,7,1.565651079,1.565661252
10,16,7,0.000153229,0.000162646
100,16,7,0.000154846,0.00017155
1000,16,7,0.000164364,0.000173977
10000,16,7,0.00030391,0.000314091
100000,16,7,0.001448171,0.001461259
1000000,16,7,0.016165557,0.016174944
10000000,16,7,0.162247897,0.162258309
100000000,16,7,1.553457706,1.553467703
10,0,8,1.87e-07,7.358e-06
100,0,8,1.513e-06,8.947e-06
1000,0,8,1.4624e-05,2.2206e-05
10000,0,8,0.000145835,0.000153408
100000,0,8,0.001404274,0.001411553
1000000,0,8,0.013779752,0.013787079
10000000,0,8,0.130951157,0.130958872
100000000,0,8,1.302567339,1.302574622
10,4,8,5.5436e-05,6.6115e-05
100,4,8,5.4628e-05,6.4735e-05
1000,4,8,5.6024e-05,6.604e-05
10000,4,8,0.0001145,0.000124731
100000,4,8,0.001664655,0.001674412
1000000,4,8,0.008831575,0.008841612
10000000,4,8,0.159534044,0.159544028
100000000,4,8,1.609857075,1.609867137
10,8,8,9.0622e-05,0.000100581
100,8,8,9.2043e-05,0.000102118
1000,8,8,0.000109146,0.000119337
10000,8,8,0.000240938,0.000250892
100000,8,8,0.00114392,0.001153685
1000000,8,8,0.015888265,0.015898181
10000000,8,8,0.1578886,0.157898623
100000000,8,8,0.832910421,0.832920134
10,12,8,0.000141721,0.000151711
100,12,8,0.000120803,0.000130837
1000,12,8,0.000128977,0.000139063
10000,12,8,0.000269362,0.000279181
100000,12,8,0.001689623,0.00169942
1000000,12,8,0.007484426,0.007494472
10000000,12,8,0.070360226,0.070370275
100000000,12,8,0.567079218,0.567089234
10,16,8,0.000146873,0.000156955
100,16,8,0.000156352,0.000166423
1000,16,8,0.000162091,0.000172239
10000,16,8,0.000297781,0.000307695
100000,16,8,0.001664441,0.00167451
1000000,16,8,0.015963981,0.015973923
10000000,16,8,0.061917097,0.061926703
100000000,16,8,1.575090238,1.575100207
10,0,9,1.73e-07,7.214e-06
100,0,9,1.511e-06,9.017e-06
1000,0,9,1.4623e-05,2.2241e-05
10000,0,9,0.000145847,0.000153394
100000,0,9,0.001367306,0.001374401
1000000,0,9,0.013397814,0.013405178
10000000,0,9,0.130448391,0.130456041
100000000,0,9,1.302438809,1.302445953
10,4,9,5.4151e-05,6.4596e-05
100,4,9,0.000268652,0.000278518
1000,4,9,6.5785e-05,7.6179e-05
10000,4,9,0.000215222,0.00022524
100000,4,9,0.000981453,0.000991525
1000000,4,9,0.016028923,0.016038385
10000000,4,9,0.162132104,0.162142589
100000000,4,9,1.583956341,1.58396641
10,8,9,9.3726e-05,0.000103453
100,8,9,0.000306228,0.000316087
1000,8,9,9.4883e-05,0.000104958
10000,8,9,0.000238613,0.000248794
100000,8,9,0.000913179,0.000923386
1000000,8,9,0.006107135,0.006117155
10000000,8,9,0.161899242,0.161909179
100000000,8,9,1.640021891,1.640032
10,12,9,0.000130978,0.000141016
100,12,9,0.000119076,0.00012929
1000,12,9,0.000125912,0.000136134
10000,12,9,0.000253622,0.000263244
100000,12,9,0.0017073,0.001717523
1000000,12,9,0.015291239,0.015301564
10000000,12,9,0.160357439,0.160367052
100000000,12,9,1.625929757,1.625943331
10,16,9,0.000150628,0.000160705
100,16,9,0.000155297,0.000165129
1000,16,9,0.000159009,0.000168933
10000,16,9,0.000293097,0.000303005
100000,16,9,0.001676915,0.001686745
1000000,16,9,0.01597559,0.015989456
10000000,16,9,0.161632096,0.161642212
100000000,16,9,0.806601475,0.806611385
