16,0,0,0.00010378,0.000168069
32,0,0,0.000575574,0.000682473
64,0,0,0.003948582,0.004232871
128,0,0,0.026132798,0.027199732
256,0,0,0.131564781,0.134378483
512,0,0,0.720326361,0.726359456
1024,0,0,7.465295898,7.484912088
16,4,0,8.4011e-05,0.000102227
32,4,0,0.00010203,0.000136672
64,4,0,0.000417987,0.000514922
128,4,0,0.002772921,0.003132742
256,4,0,0.022996214,0.024282719
512,4,0,0.203942397,0.209055426
1024,4,0,2.007367421,2.027166828
16,8,0,0.000135833,0.000155597
32,8,0,0.000163524,0.000198493
64,8,0,0.000454448,0.000551712
128,8,0,0.002751574,0.003092758
256,8,0,0.022990108,0.024322302
512,8,0,0.204059612,0.209150552
1024,8,0,1.970497561,1.990413374
16,12,0,0.000161232,0.000182295
32,12,0,0.000185149,0.000220659
64,12,0,0.00059818,0.000688171
128,12,0,0.002830271,0.003184679
256,12,0,0.023322695,0.024698322
512,12,0,0.20435917,0.209502185
1024,12,0,1.986353869,2.006333354
16,16,0,0.000190913,0.000211005
32,16,0,0.000220292,0.000255126
64,16,0,0.000531322,0.000629195
128,16,0,0.002856115,0.003216119
256,16,0,0.023737898,0.025107451
512,16,0,0.207442702,0.212529188
1024,16,0,1.970922442,1.990800216
16,0,1,2.0569e-05,3.6047e-05
32,0,1,0.000171465,0.000204385
64,0,1,0.001294374,0.001389163
128,0,1,0.009377894,0.00972627
256,0,1,0.07995332,0.081287234
512,0,1,0.721067343,0.726139963
1024,0,1,7.440235757,7.459896206
16,4,1,7.0864e-05,9.1388e-05
32,4,1,0.000103644,0.000139422
64,4,1,0.000417413,0.000514502
128,4,1,0.002712693,0.003041763
256,4,1,0.022971779,0.024251461
512,4,1,0.204345186,0.209534294
1024,4,1,1.962825904,1.98251031
16,8,1,0.000114749,0.000135378
32,8,1,0.000205529,0.000241282
64,8,1,0.000465443,0.000563052
128,8,1,0.002741935,0.003093738
256,8,1,0.023060851,0.024341952
512,8,1,0.207062758,0.21221871
1024,8,1,1.951108338,1.970900974
16,12,1,0.000147684,0.00016791
32,12,1,0.000183281,0.000218334
64,12,1,0.000487204,0.000584806
128,12,1,0.002814746,0.003167831
256,12,1,0.024098776,0.025463343
512,12,1,0.206602886,0.211787069
1024,12,1,1.972877665,1.992804946
16,16,1,0.000190236,0.00020933
32,16,1,0.000203458,0.000236457
64,16,1,0.000509481,0.000603884
128,16,1,0.002816342,0.003170171
256,16,1,0.025524345,0.026835202
512,16,1,0.211604404,0.216747893
1024,16,1,1.966925986,1.986678546
16,0,2,1.9762e-05,3.5276e-05
32,0,2,0.000165377,0.000197224
64,0,2,0.001284578,0.001379741
128,0,2,0.009324436,0.009671273
256,0,2,0.079936713,0.081194189
512,0,2,0.719509442,0.724563207
1024,0,2,7.503471421,7.52306949
16,4,2,7.1785e-05,9.243e-05
32,4,2,0.000101997,0.000138113
64,4,2,0.000400674,0.000524494
128,4,2,0.002795438,0.003144589
256,4,2,0.022971956,0.02424539
512,4,2,0.20423832,0.209300934
1024,4,2,1.963452542,1.983322886
16,8,2,0.000138499,0.000157166
32,8,2,0.000153525,0.000189028
64,8,2,0.00050664,0.000609816
128,8,2,0.002783643,0.003137219
256,8,2,0.02311728,0.024466261
512,8,2,0.206902796,0.212087869
1024,8,2,1.958017314,1.977678895
16,12,2,0.000231287,0.00025051
32,12,2,0.000207684,0.000242994
64,12,2,0.000495012,0.000592956
128,12,2,0.002831463,0.003184136
256,12,2,0.023074226,0.024451732
512,12,2,0.204350129,0.209487556
1024,12,2,1.99873714,2.018735975
16,16,2,0.000182724,0.000202668
32,16,2,0.000222533,0.000257833
64,16,2,0.000530449,0.000628307
128,16,2,0.002822374,0.0031715
256,16,2,0.025455088,0.026795258
512,16,2,0.206908805,0.212026405
1024,16,2,1.969919648,1.989503248
16,0,3,2.1018e-05,3.7162e-05
32,0,3,0.000170916,0.000203475
64,0,3,0.001324688,0.001420258
128,0,3,0.009384646,0.009732144
256,0,3,0.081340512,0.082685819
512,0,3,0.719896653,0.724901334
1024,0,3,7.515639617,7.535250131
16,4,3,7.3208e-05,9.3951e-05
32,4,3,0.000106751,0.000142165
64,4,3,0.000416427,0.000513897
128,4,3,0.002772068,0.003129187
256,4,3,0.023080862,0.02439867
512,4,3,0.203797206,0.20882651
1024,4,3,1.965600817,1.985302323
16,8,3,0.000109059,0.000129765
32,8,3,0.000161943,0.00020179
64,8,3,0.000473523,0.000564989
128,8,3,0.002799378,0.003150801
256,8,3,0.023016623,0.024392973
512,8,3,0.204458376,0.209548831
1024,8,3,1.954882137,1.974735562
16,12,3,0.000158869,0.000179264
32,12,3,0.000195606,0.000229343
64,12,3,0.000654903,0.000751998
128,12,3,0.002854935,0.003209662
256,12,3,0.022980687,0.024316923
512,12,3,0.212740701,0.217826317
1024,12,3,1.973712997,1.993738434
16,16,3,0.000213524,0.000234218
32,16,3,0.00035649,0.000388209
64,16,3,0.000540938,0.000639241
128,16,3,0.002859014,0.003209939
256,16,3,0.024361874,0.025722366
512,16,3,0.205652804,0.210764042
1024,16,3,1.975657041,1.995558492
16,0,4,2.1197e-05,3.7253e-05
32,0,4,0.000172293,0.000205169
64,0,4,0.001198689,0.001283434
128,0,4,0.009372835,0.009722131
256,0,4,0.080009603,0.081405352
512,0,4,0.719779436,0.724868498
1024,0,4,7.434350636,7.453957059
16,4,4,7.2357e-05,9.256e-05
32,4,4,0.000100355,0.000135245
64,4,4,0.00041009,0.000507512
128,4,4,0.002744839,0.003094157
256,4,4,0.022946443,0.024280659
512,4,4,0.203852457,0.209007632
1024,4,4,1.956143325,1.97602638
16,8,4,0.000134904,0.000155564
32,8,4,0.000144771,0.000180257
64,8,4,0.000455836,0.000553634
128,8,4,0.002752647,0.003075515
256,8,4,0.023044232,0.024348204
512,8,4,0.206098685,0.211279152
1024,8,4,1.964169473,1.984102223
16,12,4,0.000170114,0.000190692
32,12,4,0.000178151,0.000214004
64,12,4,0.000490736,0.00058909
128,12,4,0.002837876,0.003158089
256,12,4,0.023076947,0.024386095
512,12,4,0.20514313,0.210314347
1024,12,4,1.969212943,1.989141029
16,16,4,0.000198311,0.000218261
32,16,4,0.000217943,0.000253255
64,16,4,0.000529188,0.000626498
128,16,4,0.002841557,0.003194754
256,16,4,0.024402545,0.025772914
512,16,4,0.206690668,0.211809393
1024,16,4,1.973239252,1.992941649
16,0,5,2.1239e-05,3.7664e-05
32,0,5,0.000165325,0.000197247
64,0,5,0.001249225,0.001341884
128,0,5,0.009432987,0.009771501
256,0,5,0.080379223,0.081748511
512,0,5,0.719155761,0.724223273
1024,0,5,7.416038278,7.435572669
16,4,5,7.1343e-05,9.1736e-05
32,4,5,0.000104277,0.000140194
64,4,5,0.000403355,0.000492703
128,4,5,0.002775734,0.003124436
256,4,5,0.022959729,0.024238432
512,4,5,0.203770132,0.208869668
1024,4,5,1.9667729,1.986719916
16,8,5,0.00031106,0.000329882
32,8,5,0.000139458,0.000175376
64,8,5,0.00046353,0.000560802
128,8,5,0.002790383,0.003141478
256,8,5,0.022994494,0.024378512
512,8,5,0.207195592,0.21227151
1024,8,5,1.975514721,1.995512215
16,12,5,0.000200332,0.00022031
32,12,5,0.000218094,0.000252872
64,12,5,0.000656262,0.000753393
128,12,5,0.002805987,0.003154419
256,12,5,0.023802007,0.025161876
512,12,5,0.204151062,0.209300492
1024,12,5,1.982098183,2.00175531
16,16,5,0.000210853,0.00023107
32,16,5,0.000235326,0.000267979
64,16,5,0.000533078,0.000630937
128,16,5,0.00285036,0.003199329
256,16,5,0.023510948,0.024852844
512,16,5,0.208490541,0.213603188
1024,16,5,1.956799908,1.976556779
16,0,6,1.9128e-05,3.4272e-05
32,0,6,0.000156364,0.000186776
64,0,6,0.001236577,0.001326594
128,0,6,0.009441874,0.009787695
256,0,6,0.080005588,0.081349695
512,0,6,0.720596585,0.725730526
1024,0,6,7.450009457,7.469543799
16,4,6,7.1427e-05,9.2084e-05
32,4,6,0.000102398,0.000137877
64,4,6,0.000423488,0.000520762
128,4,6,0.00270843,0.003036878
256,4,6,0.022921903,0.024220532
512,4,6,0.203737602,0.208862658
1024,4,6,1.9995002,2.019457722
16,8,6,0.000118701,0.000138919
32,8,6,0.000148831,0.000183849
64,8,6,0.000451498,0.000548958
128,8,6,0.002764939,0.003108102
256,8,6,0.022997788,0.024363898
512,8,6,0.204048478,0.20916627
1024,8,6,1.984348694,2.00410284
16,12,6,0.000159413,0.000178395
32,12,6,0.000183778,0.000223609
64,12,6,0.000492621,0.000589984
128,12,6,0.003009863,0.003349221
256,12,6,0.023828216,0.025116994
512,12,6,0.207262149,0.212370713
1024,12,6,1.963303455,1.982888562
16,16,6,0.000215315,0.000234031
32,16,6,0.000262766,0.000295672
64,16,6,0.00053864,0.000636313
128,16,6,0.002818454,0.003165102
256,16,6,0.023723331,0.025032413
512,16,6,0.205623311,0.210779636
1024,16,6,1.967592082,1.987569857
16,0,7,1.8645e-05,3.3356e-05
32,0,7,0.000167976,0.000199007
64,0,7,0.001239749,0.00133901
128,0,7,0.009458602,0.00981021
256,0,7,0.080184086,0.081561355
512,0,7,0.720864394,0.725926492
1024,0,7,7.535703827,7.555498828
16,4,7,7.6121e-05,9.6482e-05
32,4,7,0.000104196,0.000139586
64,4,7,0.000414926,0.000512266
128,4,7,0.002715524,0.003054474
256,4,7,0.022981137,0.024251462
512,4,7,0.203903937,0.209071243
1024,4,7,1.963068848,1.982770608
16,8,7,0.00017138,0.000191852
32,8,7,0.00015246,0.000187439
64,8,7,0.000489941,0.000591614
128,8,7,0.002758419,0.003100894
256,8,7,0.02299076,0.024341658
512,8,7,0.203819405,0.208956324
1024,8,7,1.961264397,1.981232341
16,12,7,0.000146138,0.000165955
32,12,7,0.000177123,0.000212032
64,12,7,0.000487686,0.000584964
128,12,7,0.002825452,0.003179403
256,12,7,0.023121158,0.024492656
512,12,7,0.207407136,0.2126137
1024,12,7,1.985595163,2.005387703
16,16,7,0.000188455,0.000208515
32,16,7,0.000232693,0.000268209
64,16,7,0.000526022,0.000623802
128,16,7,0.002833125,0.003189856
256,16,7,0.023842316,0.02512793
512,16,7,0.207874665,0.213030036
1024,16,7,1.968270644,1.988112271
16,0,8,2.1101e-05,3.7195e-05
32,0,8,0.000152485,0.000181518
64,0,8,0.001227031,0.001320559
128,0,8,0.009432203,0.009763614
256,0,8,0.080077046,0.081451994
512,0,8,0.720211381,0.725290969
1024,0,8,7.430442027,7.449986179
16,4,8,7.3522e-05,9.4243e-05
32,4,8,0.000117906,0.000149716
64,4,8,0.000413856,0.00051152
128,4,8,0.002765294,0.003114677
256,4,8,0.02294952,0.0243071
512,4,8,0.204255944,0.209318913
1024,4,8,1.966423023,1.986217511
16,8,8,0.000253734,0.000273487
32,8,8,0.000167037,0.000203236
64,8,8,0.000454002,0.000552081
128,8,8,0.002781047,0.003134127
256,8,8,0.023067032,0.024433241
512,8,8,0.204263462,0.209405311
1024,8,8,1.966236956,1.98585357
16,12,8,0.000156309,0.000176745
32,12,8,0.000189013,0.000224646
64,12,8,0.000486875,0.000584654
128,12,8,0.002826985,0.003180187
256,12,8,0.023142498,0.02445212
512,12,8,0.205593585,0.2107244
1024,12,8,1.977373706,1.997205242
16,16,8,0.000236969,0.000254995
32,16,8,0.000205465,0.000238678
64,16,8,0.000498315,0.000590195
128,16,8,0.002870276,0.003220397
256,16,8,0.023486323,0.024804041
512,16,8,0.205462596,0.21064965
1024,16,8,1.96268843,1.982269999
16,0,9,2.1353e-05,3.7896e-05
32,0,9,0.000170579,0.000203192
64,0,9,0.001292096,0.001386987
128,0,9,0.009433084,0.00976026
256,0,9,0.080153054,0.081525046
512,0,9,0.720102198,0.725212737
1024,0,9,7.498736785,7.518387277
16,4,9,7.4786e-05,9.4917e-05
32,4,9,0.000106074,0.000140826
64,4,9,0.000411958,0.000508734
128,4,9,0.002942171,0.003291071
256,4,9,0.022941896,0.024324262
512,4,9,0.203764106,0.208853983
1024,4,9,1.966519881,1.986390219
16,8,9,0.000110183,0.000129349
32,8,9,0.000168464,0.000203042
64,8,9,0.000457031,0.00055368
128,8,9,0.00274174,0.003063809
256,8,9,0.022991109,0.024323935
512,8,9,0.203647323,0.208823322
1024,8,9,1.967993895,1.987826217
16,12,9,0.000174889,0.000193739
32,12,9,0.00019965,0.000235073
64,12,9,0.0006713,0.000772922
128,12,9,0.002782265,0.003119247
256,12,9,0.023980844,0.025265622
512,12,9,0.205306284,0.210421931
1024,12,9,1.951646822,1.971659901
16,16,9,0.000261499,0.000280309
32,16,9,0.000217747,0.000251451
64,16,9,0.000521334,0.000618876
128,16,9,0.002829146,0.003179862
256,16,9,0.025942909,0.027305397
512,16,9,0.204817704,0.20994218
1024,16,9,1.968652584,1.988568421
